0.15064 0.00037
0.16697 0.00855
0.15262 0.00079
0.56734 0.01063
0.15152 0.00092
0.16219 0.0047
0.15074 0.00052
0.52799 0.01308
0.15089 0.00017
0.15201 0.00021
0.15217 0.00075
0.15939 0.00766
0.15116 0.00073
0.1529 0.00126
0.15224 0.00113
0.1517 0.00105
0.1508 0.00025
0.14502 0.0005
0.17113 6e-05
0.15186 0.0002
0.56184 0.00544
0.15088 0.00041
0.35076 0.04402
0.15132 0.00054
0.15059 0.00011
0.15263 0.00097
0.15072 0.00033
0.15088 9e-05
0.15103 0.00031
0.15254 0.0053
0.55817 0.01182
0.34825 0.05082
0.17726 0.00015
0.1511 0.00034
0.16299 0.01099
0.1815 0.053
0.17127 0.00468
0.15108 0.00064
0.87744 0.04521
0.151 0.00031
0.15309 0.00529
0.15078 0.00049
0.15135 0.0004
0.15079 0.0001
0.15027 0.00021
0.15124 0.0004
0.17093 0.00019
0.15062 0.00029
0.15156 0.00048
0.15121 0.0006
0.15038 0.00046
0.17704 0.00032
0.15172 0.00039
0.15122 0.00048
0.16341 0.00532
0.3137 0.03596
0.15119 0.00021
0.15325 0.00133
0.15345 0.00033
0.15055 0.00032
0.17109 0.00279
0.17093 0.00016
0.15226 0.00139
0.15279 0.00155
0.17114 0.00051
0.15117 0.00036
0.1511 0.00044
0.17118 0.00024
0.15205 0.00055
0.15049 0.00034
0.14531 0.00025
0.15056 0.00034
0.15116 0.00042
0.15033 0.00043
0.14744 0.00165
0.15267 0.00061
0.17111 0.00892
0.53308 0.03319
0.16228 0.00838
0.17348 0.0012
0.15286 0.00088
0.1504 7e-05
0.15643 0.00475
0.1505 0.0001
0.17147 0.00033
0.17393 0.00098
0.15198 0.00109
0.16308 0.00063
0.15167 0.001
0.15047 0.00022
0.14656 0.00132
0.15027 0.00013
0.15089 0.00021
0.15112 0.00065
0.15367 0.00135
0.15034 0.00025
0.17122 0.00474
0.5672 0.01176
0.15135 0.00028
0.16164 0.00523
0.15059 0.00029
0.6116 0.01808
0.16166 0.00481
0.15079 0.00236
0.50445 0.01823
0.18788 0.0106
0.15867 0.00692
0.15185 0.00045
0.1713 0.00015
0.1781 0.00063
0.14529 0.00058
0.15337 0.00076
0.15183 0.00092
0.15466 0.00016
0.15153 0.00022
0.14487 0.00025
0.15158 0.0056
0.17133 3e-05
0.15103 0.00058
0.17093 0.00475
0.15101 0.00058
0.17645 0.00016
0.17105 7e-05
0.15072 0.00221
0.17116 0.00012
0.17173 0.00018
0.15166 0.00052
0.15088 0.00011
0.1815 0.005
0.16143 0.01059
0.17649 0.00271
0.15238 0.00111
0.15067 0.00031
0.15062 0.00036
0.15067 0.00033
0.15034 0.00029
0.1511 0.00021
0.14159 0.05916
0.14507 0.00072
0.14543 0.00078
0.15331 0.00033
0.14601 0.00259
0.17222 0.00466
0.15101 0.00056
0.17146 0.00018
0.14514 0.00041
0.16187 0.00476
0.15095 0.00043
0.14526 0.00043
0.14538 0.00041
0.15073 0.00013
0.15071 0.00027
0.15044 0.00023
0.15131 0.00047
0.16329 0.01151
0.1503 0.00014
0.15048 0.00073
0.15047 0.00034
0.15119 0.00033
0.15308 0.00145
0.17197 0.00277
0.15091 0.00064
0.15275 0.00543
0.15215 0.00087
0.15046 0.00063
0.54531 0.01607
0.17745 0.00224
0.59097 0.01589
0.15188 0.00069
0.15506 0.00271
0.15576 0.00389
0.15085 0.00017
0.15184 0.00036
0.15135 0.00011
0.145 0.0004
0.15173 0.00076
0.17108 0.00279
0.16171 0.00947
0.15135 0.00023
0.15191 0.00025
0.15488 0.00178
0.14882 0.00226
0.15134 0.00038
0.15141 0.00086
0.15066 0.0002
0.17664 0.00016
0.15126 0.00113
0.1503 0.00024
0.15166 0.00083
0.14651 0.00063
0.395 0.01985
0.15528 0.00383
0.15262 0.00047
0.15058 0.00049
0.16289 0.00501
0.1775 0.00021
0.14517 0.00039
0.17821 0.00066
0.15052 0.00039
0.14502 0.00033
0.19449 0.02431
0.15583 0.0051
0.15161 0.00054
0.15121 0.00049
0.15224 0.00066
0.15144 0.00076
0.16148 9e-05
0.15648 0.00268
0.44609 0.02537
0.15207 0.00087
0.14721 0.00294
0.15106 0.00058
0.15333 0.00079
0.14612 0.00285
0.15308 0.00186
0.1504 0.00091
0.15342 0.00183
0.15456 0.00267
0.15036 0.00015
0.1455 0.00089
0.14511 0.00026
0.17825 0.00103
0.1516 0.00046
0.15076 0.00222
0.15472 0.00396
0.1566 0.00738
0.16409 0.00789
0.15113 0.00038
0.1551 0.00379
0.16256 0.00829
0.17127 0.00013
0.15198 0.00105
0.15046 0.00032
0.15482 0.00244
0.15386 0.00093
0.15041 0.0003
0.17433 0.00151
0.14492 0.00049
0.15155 0.00099
0.14499 0.00051
0.17683 0.00031
0.17124 0.00473
0.1534 0.00085
0.35675 0.05171
0.1508 0.00037
0.15035 0.00016
0.15094 0.00072
0.17368 0.00368
0.15122 0.00068
0.14548 0.00063
0.15301 0.00151
0.15087 0.00027
0.15386 0.00367
0.15041 0.00239
0.15188 0.00105
0.1505 0.00035
0.17816 0.004
0.15533 0.00817
0.14636 0.00106
0.15591 0.00564
0.17422 0.00062
0.15082 0.00048
0.42089 0.05386
0.16235 0.00488
0.16454 0.00338
0.15092 0.00027
0.14631 0.00032
0.15205 0.001
0.17181 0.00055
0.15079 0.00085
0.15277 0.00157
0.17752 0.00036
0.16154 0.01007
0.15114 0.00216
0.17117 0.00021
0.17461 0.00136
0.15036 0.00249
0.17721 0.00021
0.15052 0.00044
0.15079 0.00021
0.15203 0.0
0.15048 0.00027
0.15114 0.0
0.15359 0.00206
0.15357 0.00219
0.15275 0.00105
0.17762 0.00013
0.15046 0.00016
0.1505 0.00025
0.17072 0.00695
0.17963 0.00137
0.18012 0.0051
0.14512 0.00071
0.16483 0.00669
0.15195 0.00058
0.1505 0.00037
0.39307 0.05458
0.151 0.00065
0.14482 0.00026
0.16358 0.00429
0.15426 0.00051
0.16188 0.00927
0.15082 0.00023
0.153 0.00045
0.1463 0.00038
0.17117 0.0002
0.15225 0.00517
0.15275 0.00502
0.15203 0.00042
0.15104 0.00049
0.15058 0.00041
0.17316 0.0027
0.14551 0.00293
0.15214 0.00049
0.15153 0.0003
0.15135 0.00036
0.16461 0.01198
0.34888 0.06917
0.47974 0.04528
0.1509 0.0058
0.17288 0.00084
0.16193 0.00478
0.15443 0.00867
0.17913 0.01719
0.15274 0.00076
0.15128 0.00035
0.15104 0.00028
0.15096 0.00056
0.15459 0.00333
0.17171 0.0005
0.17693 0.00034
0.62881 0.02351
0.14524 0.00053
0.15035 0.00019
0.17816 0.00046
0.15412 0.00069
0.62887 0.0
0.1513 0.00075
0.36453 0.03862
0.17191 0.00036
0.17255 0.00271
0.15088 0.00037
0.15048 0.00082
0.16987 0.0066
0.15223 0.00069
0.16262 0.00483
0.16159 0.00017
0.15027 0.00023
0.15091 0.00022
0.15151 0.00082
0.17291 0.00063
0.15326 0.00144
0.15218 0.00102
0.1518 0.00059
0.15133 0.0005
0.15244 0.00101
0.15199 0.00049
0.15036 0.00024
0.15054 0.0005
0.15134 0.00082
0.15171 0.00066
0.1512 0.00054
0.15038 0.00062
0.15287 0.0008
0.15094 0.00057
0.14512 0.00027
0.15486 0.0025
0.21899 0.02078
0.14636 0.00033
0.15187 0.00039
0.15062 0.00055
0.15245 0.0005
0.14596 0.0005
0.15298 0.00112
0.17285 0.00072
0.15114 0.00045
0.15055 0.00018
0.16143 0.00026
0.17095 0.00931
0.15119 0.00059
0.15086 0.00049
0.15093 0.00076
0.15086 0.0005
0.16281 0.00054
0.17109 0.00021
0.15308 0.00156
0.17129 0.00471
0.15215 0.0008
0.15115 0.00046
0.15085 0.00036
0.14564 0.00083
0.14546 0.00072
0.15043 0.00024
0.15372 0.00199
0.1528 0.00064
0.15075 0.0022
0.14586 0.00105
0.15122 0.00074
0.15076 0.0004
0.152 0.00214
0.15332 0.00164
0.15232 0.00125
0.15109 0.00052
0.153 0.0018
0.14565 0.0008
0.1516 0.00113
0.15161 0.00061
0.15626 0.00263
0.14507 0.00038
0.17116 0.00464
0.15145 0.00065
0.15168 0.00106
0.18056 0.01164
0.14481 0.00024
0.1924 0.01685
0.14657 0.0016
0.14487 6e-05
0.15063 0.00044
1.06124 0.0
0.15075 0.00027
0.15148 0.00053
0.15166 0.00108
0.14531 0.00052
0.15164 0.00059
0.15166 0.00547
0.14525 0.00269
0.15317 0.00528
0.16474 0.00549
0.15165 0.0015
0.15413 0.00201
0.17158 0.00285
0.15063 0.00049
0.15101 0.00559
0.17124 0.00274
0.14606 0.00282
0.15061 0.00061
0.15163 0.00032
0.1507 0.00024
0.15055 0.00032
0.14503 0.00043
0.14525 0.00047
0.17145 0.00037
0.1505 0.00039
0.15246 0.00068
0.14485 0.00051
0.15068 0.00037
0.17114 0.00474
0.15211 0.00087
0.15282 0.00125
0.14969 0.0022
0.48978 0.005
0.15032 0.00068
0.14506 0.00065
0.15099 0.00043
0.14532 0.00086
0.17756 0.00052
0.15172 0.00077
0.15113 0.00024
0.17139 0.00028
0.15174 0.00043
0.16149 0.00011
0.17193 0.00283
0.15059 0.00039
0.14479 0.00028
0.15401 0.00267
0.1592 0.00777
0.15035 0.00069
0.15127 0.00031
0.15513 0.00284
0.17123 0.00285
0.16229 0.00481
0.14515 0.00062
0.15116 0.00043
0.15055 0.00071
0.14507 0.00291
0.15123 0.00088
0.58156 0.01988
0.14515 0.00291
0.15144 0.00543
0.15386 0.00904
0.15101 0.00054
0.15243 0.00151
0.15048 0.00036
0.16405 0.00237
0.17706 0.00024
0.15447 0.00334
0.15169 0.00134
0.14541 0.0007
0.15048 0.00029
0.1465 0.00124
0.14633 0.00122
0.15125 0.00041
0.15113 0.00069
0.15053 0.00048
0.15161 0.00082
0.17378 0.00101
0.17177 0.00468
0.14505 0.00055
0.15114 0.00071
0.14591 0.00085
0.16231 0.0085
0.15043 0.00238
0.15024 0.00023
0.1517 0.00097
0.15295 0.00163
0.1505 0.0004
0.15057 0.00237
0.15028 0.00025
0.59689 0.03439
0.15041 0.00031
0.15047 0.00044
0.14552 0.00068
0.15028 0.00254
0.52459 0.00427
0.1452 0.00279
0.14504 0.00066
0.15028 0.00043
0.15035 0.00037
0.15182 0.00074
0.15162 0.00086
0.15228 0.00078
0.15481 0.00531
0.19962 0.02632
0.17126 0.00031
0.15457 0.00263
0.1508 0.0005
0.15175 0.00113
0.15738 0.00801
0.15059 0.00053
0.15319 0.00136
0.15032 0.00051
0.52294 0.00411
0.15081 0.0003
0.15025 0.00028
0.15042 0.0004
0.15218 0.00107
0.15077 0.00052
0.14537 0.00076
0.15044 0.00016
0.15283 0.00137
0.15043 0.00023
0.15079 0.00054
0.14506 0.00047
0.15039 0.00027
0.15044 0.00064
0.14512 0.0006
0.15082 0.00042
0.16001 0.00657
0.15163 0.0005
0.15109 0.00068
0.15086 0.00036
0.151 0.00033
0.15055 0.00025
0.15047 0.00035
0.15199 0.00104
0.15874 0.00904
0.17266 0.00268
0.4893 0.06292
0.14491 0.00063
0.15096 0.00034
0.1724 0.00089
0.1522 0.00131
0.15064 0.00043
0.14615 0.00067
0.15041 0.00051
0.15131 0.00073
0.17096 8e-05
0.15051 0.00052
0.14717 0.00289
0.14489 0.00051
0.15269 0.00146
0.15024 0.0046
0.52355 0.00126
0.17254 0.00092
0.1513 0.00098
0.15768 0.00621
0.15032 0.00056
0.15032 0.00047
0.66192 0.04918
0.1448 0.00038
0.15056 0.00021
0.15117 0.00223
0.16154 0.00031
0.15089 0.00062
0.14503 0.00053
0.15025 0.00029
0.15078 0.00015
0.14526 0.00071
0.151 0.00062
0.14604 0.00081
0.27228 0.012
0.15138 0.00099
0.1469 0.00092
0.14517 0.00282
0.15363 0.00652
0.15048 0.00048
0.14778 0.00272
0.15115 0.00071
0.14499 0.00061
0.14492 0.00044
0.15079 0.00059
0.14595 0.00126
0.15163 0.00082
0.15127 0.00076
0.15104 0.00066
0.26187 0.25634
0.15129 0.00065
0.15294 0.00152
0.14591 0.00095
0.55446 0.0
0.14501 0.0005
0.15299 0.00522
0.56696 0.02675
0.57639 0.012
0.17236 0.00269
0.1459 0.0013
0.15116 0.00075
0.1453 0.00076
0.71698 0.04762
0.14503 0.00034
0.15097 0.00063
0.59071 0.0
0.14504 0.00034
0.15297 0.00126
0.15073 0.00068
0.15031 0.00012
0.15072 0.0005
0.15152 0.00121
0.59824 0.0
0.14505 0.00021
0.14822 0.00088
0.17095 0.00926
0.14482 0.00029
0.17706 0.00038
0.58695 0.01203
0.17172 0.00037
0.54989 0.01588
0.54791 0.04012
0.54223 0.0
0.15078 0.00225
0.15124 0.00042
0.15057 0.00015
0.15107 0.0006
0.14505 0.00032
0.15351 0.00084
0.15116 0.00072
0.14673 0.00162
0.14486 0.00027
0.5492 0.03179
0.15131 0.00041
0.15134 0.00058
0.16035 0.00632
0.15062 0.00039
0.17157 0.00464
0.15192 0.0009
0.15392 0.00134
0.39365 0.03185
0.15172 0.0012
0.14557 0.00103
0.14579 0.00063
0.1635 0.00082
0.17252 0.00076
0.1715 0.00472
0.14649 0.00092
0.1528 0.00143
0.15374 0.00127
0.18 0.005
0.14509 0.00031
0.15083 0.00067
0.15054 0.00034
0.15265 0.00129
0.1461 0.00132
0.16286 0.00494
0.15381 0.00906
0.17175 0.00276
0.1509 0.0007
0.16271 0.00975
0.15054 0.00052
0.17097 7e-05
0.15162 0.00039
0.1529 0.00055
0.14643 0.00063
0.15169 0.00121
0.15267 0.00096
0.17344 0.00255
0.14485 0.00014
0.17154 0.00013
0.17152 0.00471
0.15368 0.00177
0.55576 0.0511
0.15341 0.0051
0.1523 0.00133
0.1526 0.00046
0.15068 0.00475
0.14511 0.00271
0.14488 0.00014
0.15104 0.00066
0.15122 0.00072
0.15605 0.00536
0.15248 0.00117
0.15046 0.00024
0.15078 0.0004
0.15284 0.00131
0.54678 0.01009
0.15076 0.00067
0.15182 0.00048
0.15032 0.0026
0.15072 0.00051
0.15292 0.00146
0.14515 0.00281
0.15097 0.00067
0.15196 0.00084
0.14616 0.00075
0.14522 0.00018
0.15105 0.0002
0.15198 0.00091
0.15045 0.00031
0.16225 0.00888
0.16161 0.00956
0.15107 0.00056
0.17664 0.01399
0.17738 0.00066
0.15375 0.00499
0.16233 0.00433
0.17873 0.00114
0.15341 0.00162
0.16167 0.00481
0.14503 0.00043
0.14499 0.00064
0.15103 0.0003
0.1508 0.00041
0.40789 0.0442
0.15031 0.0005
0.15107 0.00066
0.16163 0.00016
0.14487 0.00057
0.15167 0.00164
0.14674 0.0017
0.15049 0.00069
0.16685 0.00526
0.15714 0.00383
0.29878 0.02399
0.32659 0.03825
1.27266 0.08819
0.15189 0.00131
0.32558 0.0249
0.16204 0.00484
0.1777 0.00231
0.15184 0.00051
0.15155 0.00073
0.1532 0.00108
0.15104 0.00049
0.16458 0.00779
0.15079 0.00058
0.14493 0.0005
0.152 0.0009
0.14486 0.00025
0.22826 0.02798
0.15122 0.00108
0.14481 0.00053
0.17218 0.00075
0.15181 0.00074
0.1543 0.00213
0.14836 0.00228
0.15917 0.00721
0.15204 0.00116
0.15114 0.00228
0.15046 0.00024
0.14602 0.00062
0.15236 0.00083
0.15461 0.00276
0.1544 0.00284
0.15033 0.00043
0.1453 0.00125
0.1518 0.00088
0.17645 6e-05
0.15264 0.00114
0.15758 0.00552
0.15097 0.00033
0.15098 0.00071
0.15155 0.0007
0.49045 0.02856
0.17696 0.00016
0.17105 0.00014
0.14816 0.00231
0.14513 0.00068
0.1741 0.00279
0.1712 0.00279
0.1509 0.00045
0.17191 0.00052
0.16441 0.00247
0.15126 0.00061
0.15399 0.00327
0.57369 0.02749
0.1732 0.00459
0.1506 0.00026
0.14857 0.00313
0.15443 0.0035
0.61351 0.0
0.14519 0.00099
0.15178 0.00104
0.15469 0.00348
0.14523 0.00049
0.15047 0.00033
0.17739 6e-05
0.61855 0.02432
0.15069 0.0003
0.1741 0.00263
0.15161 0.00141
0.15084 0.00567
0.15378 0.0013
0.16218 0.00479
0.1711 0.00012
0.1448 0.00024
0.14498 0.00058
0.61034 0.0337
0.15088 0.00031
0.52335 0.00078
0.15275 0.0009
0.15152 0.00079
0.14483 0.00058
0.15079 0.00063
0.52191 0.00653
0.41255 0.05669
0.52332 0.0
0.14528 0.00051
0.14619 0.00061
0.52839 0.00721
0.15052 0.00038
0.1468 0.00151
0.14544 0.00085
0.17647 4e-05
0.14489 0.00038
0.14481 0.00028
0.48595 0.02136
0.15149 0.00056
0.15293 0.00111
0.1515 0.00068
0.15046 0.00041
0.14505 0.00029
0.56196 0.0116
0.15111 0.00081
0.15134 0.00079
0.17141 0.00472
1.27009 0.03765
0.15047 0.00034
0.17101 0.00026
0.15069 0.00021
0.15085 0.00023
0.4725 0.0154
0.14721 0.00196
0.14592 0.00121
0.26688 0.00701
0.15121 0.00079
0.52157 0.00322
0.55998 0.01547
0.53322 0.01222
0.17219 0.0006
0.15269 0.0014
0.15129 0.00106
0.17742 5e-05
0.17116 0.0028
0.14494 0.00017
0.14499 0.0003
0.17666 0.00018
0.15044 0.00079
0.50532 0.02089
0.14595 0.00064
0.15172 0.00071
0.15041 0.00018
0.15138 0.00035
0.15058 0.0005
0.15071 0.00234
0.15109 0.00055
0.1451 0.00049
0.15127 0.00549
0.16351 0.00601
0.15215 0.00063
0.1508 0.00033
0.17729 0.00034
0.16232 0.0043
0.15066 0.00055
0.17762 0.0001
0.14603 0.00071
0.145 0.00047
0.15402 0.00143
0.1514 0.00068
0.17742 4e-05
0.76134 0.0
0.15215 0.00098
0.15025 0.0004
0.15078 0.00034
0.15118 0.00061
0.14788 0.0025
0.15165 0.00078
0.15063 0.00019
0.15166 0.0008
0.15045 0.00038
0.15476 0.00388
0.14865 0.00335
0.14542 0.00066
0.14626 0.00079
0.15061 0.0005
0.15159 0.00068
0.15058 0.00026
0.15065 0.00039
0.15178 0.00095
0.15226 0.001
0.14606 0.00276
0.59837 0.02004
0.52369 0.00366
0.15207 0.00163
0.54825 0.01334
0.57351 0.01164
0.60073 0.02442
0.57534 0.02053
0.5908 0.0264
0.14732 0.0009
0.15233 0.00123
0.15371 0.00275
0.17659 0.00259
0.66181 0.04927
0.14559 0.0
0.17195 0.00464
0.14488 0.00025
0.15375 0.00098
0.14505 0.00035
0.17142 0.00469
0.15269 0.00144
0.15232 0.00102
0.15527 0.0039
0.15036 0.00036
0.16452 0.01063
0.3627 0.0374
0.1461 0.00058
0.14484 0.00038
0.14612 0.00084
0.65705 0.00923
0.15167 0.00075
0.15186 0.00076
0.14485 0.00034
0.15552 0.00435
0.1794 0.00104
0.15107 0.00072
0.60843 0.0251
0.60637 0.04903
0.15424 0.00322
0.15718 0.00607
0.15104 0.0005
0.15064 0.00075
0.15347 0.0138
0.14496 0.00038
0.14507 0.0007
0.14611 0.00079
0.14514 0.00033
0.15043 0.00026
0.17681 0.00021
0.34881 0.0
0.16465 0.00338
0.15064 0.00066
0.14479 0.0003
0.14602 0.00274
0.1725 0.00095
0.17096 0.0003
0.14487 0.00052
0.14525 0.00044
0.15606 0.01384
0.15181 0.00032
0.48174 0.00948
0.26624 0.02355
0.18096 0.01525
0.14627 0.00068
0.16346 0.00522
0.17142 0.00029
0.16395 0.00486
0.17107 0.00021
0.1482 0.01492
0.15492 0.00226
0.15059 0.00041
0.14691 0.00286
0.15171 0.0007
0.18235 0.01252
0.14482 0.00029
0.15999 0.00629
0.17133 0.00033
0.52203 0.0
0.1504 0.00022
0.1448 0.00028
0.15479 0.00156
0.15297 0.00113
0.15066 0.00044
0.15338 0.00151
0.65712 0.02954
0.15257 0.00067
0.15058 0.00072
0.24639 0.01173
0.15043 0.0002
0.14477 0.0004
0.1452 0.00048
0.16805 0.0
0.15546 0.01003
0.17811 0.005
0.14499 0.00049
0.15034 0.0003
0.14614 0.00067
0.1518 0.00089
0.14542 0.00092
0.15042 0.00042
0.14492 0.00066
0.32767 0.04513
0.15215 0.00144
0.1784 0.00083
0.1505 0.00057
0.15143 0.00024
0.17114 0.00019
0.15094 0.00034
0.1517 0.0005
0.15076 0.00025
0.15443 0.0044
0.15041 0.00028
0.58779 0.01614
0.14671 0.00114
0.14509 0.00048
0.15378 0.00249
0.1451 0.00104
0.15252 0.00076
0.15187 0.00115
0.15083 0.00056
0.1457 0.0007
0.14515 0.00029
0.14621 0.00153
0.15106 0.00049
0.17287 0.0102
0.66658 0.06872
0.60981 0.02191
0.5991 0.01214
0.16193 0.00481
0.15192 0.00126
0.14614 0.00266
0.50395 0.0
0.2555 0.03942
0.52446 0.01183
0.14485 0.00032
0.17739 2e-05
0.15033 0.00032
0.15049 0.00038
0.1458 0.0011
0.14485 0.00044
0.15043 0.00032
0.14572 0.00037
0.1451 0.00028
0.15098 0.00057
0.14501 0.0002
0.15155 0.00061
0.15031 0.00018
0.151 0.0002
0.15089 0.00024
0.15071 0.00216
0.15294 0.0016
0.54654 0.0
0.15217 0.00552
0.15527 0.00482
0.15183 0.00066
0.15109 0.00548
0.15727 0.00737
0.15048 0.00069
0.15091 0.00029
0.62753 0.02034
0.14829 0.00273
0.5854 0.03338
0.58645 0.01942
0.1486 0.0156
0.17861 0.00091
0.14508 0.00069
0.15122 0.00037
0.51049 0.01532
0.15062 0.00025
0.14491 0.00044
0.52471 0.00822
1.18898 0.05304
0.14585 0.0014
0.15154 0.00039
0.15108 0.00058
0.14504 0.00021
0.15811 0.00574
0.17689 0.0002
0.17288 0.00458
0.15074 0.00073
0.17731 0.00232
0.15044 0.0004
0.58459 0.01572
0.17748 0.00058
0.14482 0.00047
0.14632 0.00055
0.15304 0.00145
0.15073 0.00042
0.17799 0.00055
0.14501 0.00061
0.15085 0.0004
0.15383 0.00218
0.15406 0.00287
0.1451 0.00039
0.15256 0.00092
0.15058 0.00045
0.17705 0.00246
0.1507 0.00071
0.52456 0.01462
0.14599 0.00095
0.17659 0.00264
0.71166 0.05536
0.15073 0.00062
0.18577 0.0144
0.14799 0.00107
0.15074 0.0005
0.15053 0.00044
0.15118 0.00212
0.14498 0.00036
0.52204 0.00081
0.15063 0.0024
0.17644 0.00011
0.15058 0.00029
0.17665 0.00263
0.14697 0.00125
0.16262 0.00488
0.15072 0.00023
0.14574 0.00098
0.14521 0.00272
0.14616 0.0005
0.15241 0.0
0.17504 0.00259
0.16159 0.00016
0.14495 0.00045
0.15318 0.00134
0.14606 0.00273
0.58132 0.0
0.14673 0.00149
0.15194 0.00099
0.14532 0.00044
0.15082 0.00071
0.15326 0.00165
0.15088 0.00054
0.14676 0.00131
0.55214 0.01511
0.15104 0.00026
0.15204 0.00071
0.15138 0.00567
0.15075 0.00041
0.15043 0.0004
0.1507 0.0056
0.14653 0.00143
0.15122 0.00051
0.17691 0.00024
0.15612 0.00484
0.15111 0.00082
0.15452 0.00278
0.15053 0.00021
0.15469 0.00857
0.15391 0.00237
0.14673 0.00126
0.14624 0.00062
0.14617 0.00255
0.15221 0.00111
0.16147 0.01035
0.17767 0.005
0.15128 0.00066
0.16383 0.00481
0.14486 0.0003
0.14513 0.00029
0.1515 0.00051
0.17342 0.0036
0.14506 0.0009
0.16866 0.01069
0.52536 0.00864
0.14621 0.00057
0.14522 0.0
0.15309 0.00512
0.78306 0.16397
0.16191 0.00476
0.15176 0.00127
0.62485 0.01953
0.15266 0.00123
0.15142 0.00042
0.14617 0.00275
0.15084 0.00071
0.15331 0.00207
0.1548 0.00261
0.14937 0.00385
0.15239 0.00133
0.15191 0.00125
0.14672 0.00126
0.15508 0.00498
0.14549 0.00051
0.14681 0.00104
0.15245 0.00051
0.14513 0.00017
0.18304 0.0252
0.15393 0.00338
0.15167 0.0005
0.17101 8e-05
0.17205 0.00051
0.1474 0.00106
0.17645 0.01282
0.49159 0.01251
0.15227 0.00141
0.77497 0.06513
0.17762 0.00054
0.44773 0.0077
0.14687 0.00071
0.17288 0.00067
0.15113 0.00032
0.16167 0.00519
0.14499 0.00066
0.14497 0.00027
0.18117 0.00606
0.15175 0.00097
0.14626 0.00057
0.15111 0.00041
0.17657 0.00017
0.17164 0.00029
0.14497 0.00036
0.1511 0.00068
0.14486 0.00036
0.15101 0.00059
0.15089 0.00053
0.15061 0.00055
0.14507 0.00074
0.15092 0.00053
0.16342 0.00089
0.17342 0.00124
0.14525 0.00057
0.15061 0.00019
0.17672 0.01369
0.15166 0.00547
0.15135 0.00084
0.17125 0.00029
0.15152 0.00065
0.16163 0.0048
0.15153 0.00114
0.15309 0.00165
0.38097 0.03765
0.15585 0.00534
0.15195 0.0012
0.17706 0.00968
0.16155 0.00975
0.15053 0.00015
0.14514 0.00278
0.15848 0.00611
0.15161 0.00554
0.15132 0.00554
0.33266 0.04739
0.14479 0.00034
0.15068 0.00065
0.15065 0.00207
0.15307 0.00129
0.15184 0.00097
0.17252 0.00076
0.15118 0.0054
0.15243 0.00114
0.14555 0.00069
0.17094 0.00018
0.15506 0.00316
0.16745 0.00638
0.14597 0.00069
0.60277 0.02184
0.15087 0.00044
0.14584 0.00071
0.15134 0.00084
0.14479 0.00048
0.15268 0.0009
0.68486 0.0
0.15053 0.00024
0.17791 0.00056
0.14601 0.00081
0.15079 0.00069
0.56776 0.02041
0.14535 0.00033
0.14491 0.00029
0.14645 0.00068
0.15458 0.00859
0.60847 0.02692
0.15082 0.00046
0.45544 0.01377
0.15103 0.00039
0.15534 0.0
0.151 0.0
0.15058 0.00053
0.14516 0.00051
0.66776 0.01893
0.15082 0.00033
0.66461 0.03787
0.59858 0.0
0.18074 0.00115
0.15168 0.00132
0.17135 0.0002
0.15168 0.00104
0.5154 0.05097
0.15381 0.00091
0.151 0.00063
0.14497 0.00027
0.45633 0.01292
0.15046 0.00026
0.14865 0.00227
0.14618 0.00068
0.15043 0.00042
0.14512 0.00043
0.14489 0.00021
0.14606 0.00262
0.15391 0.00197
0.14502 0.00039
0.14531 0.00045
0.14612 0.00066
0.1476 0.00257
0.14534 0.00073
0.14601 0.0008
0.14552 0.00033
0.15111 0.00044
0.15112 0.00228
0.15108 0.00029
0.74319 0.09431
0.15118 0.0058
0.15092 0.00027
0.15525 0.00134
0.17268 0.00057
0.15124 0.00031
0.15054 0.00051
0.57521 0.01154
0.15187 0.00046
0.1576 0.0037
0.1782 0.005
0.17558 0.00128
0.15137 0.00174
0.15146 0.00052
0.17655 0.00012
0.82559 0.05747
1.1024 0.11328
0.43209 0.01735
0.17128 8e-05
0.45949 0.00553
0.15112 0.0023
0.14505 0.00274
0.1505 0.00241
0.1459 0.00063
0.1517 0.00051
0.17664 0.0001
0.1459 0.00077
0.17109 0.00011
0.14482 0.00015
0.17122 0.00021
0.15178 0.0005
0.17704 0.00018
0.15059 0.00038
0.62355 0.02552
0.15091 0.00071
0.56053 0.01198
0.17173 0.00268
0.17096 0.00015
0.17097 6e-05
0.14479 0.00044
0.15283 0.00134
0.15122 0.0004
0.14507 0.00043
0.60996 0.04905
0.17115 0.00468
0.14594 0.00272
0.14604 0.00272
0.15073 0.00024
0.66251 0.04904
0.14618 0.00081
0.56882 0.02582
0.17117 0.00018
0.15158 0.00045
0.68279 0.04661
0.17106 0.00277
0.1515 0.00076
0.14621 0.00261
0.15028 0.00026
0.17299 0.0006
0.15049 0.00019
0.17138 0.00469
0.14507 0.00052
0.17126 0.00016
0.54664 0.01352
0.45302 0.00375
0.15345 0.00109
0.14649 0.00156
0.14583 0.00087
0.14524 0.00032
0.15171 0.00187
0.52185 0.00057
0.14488 0.00036
0.14557 0.00077
0.17115 0.00022
0.17129 0.0003
0.14485 0.00034
0.15099 0.00027
0.15171 0.00042
0.14612 0.00065
0.15133 0.0018
0.15197 0.00148
0.15155 0.00052
0.15238 0.00139
0.145 0.00081
0.15215 0.00108
0.1508 0.00562
0.14597 0.00279
0.15358 0.00093
0.15073 0.00068
0.1507 0.00025
0.15059 0.00022
0.15163 0.00096
0.15091 0.00067
0.14489 0.00074
0.14511 0.00038
0.15158 0.0003
0.14527 0.00055
0.17691 0.00031
0.1552 0.00383
0.15106 0.00065
0.14603 0.00267
0.15113 0.00055
0.15048 0.00038
0.14675 0.00113
0.14877 0.00345
0.15474 0.00309
0.17762 5e-05
0.14734 0.00105
0.15168 0.0008
0.52958 0.0
0.15919 0.00566
0.14628 0.00104
0.14534 0.0004
0.15109 0.00058
0.17709 0.00253
0.15318 0.0017
0.14492 0.00055
0.14555 0.0007
0.15187 0.0005
0.14487 0.00043
0.15033 0.00045
0.1713 0.00012
0.14489 0.00044
0.14506 0.00053
0.1711 9e-05
0.15049 0.00015
0.1768 0.00263
0.1513 0.0005
0.17645 0.00015
0.17725 4e-05
0.14487 0.00032
0.14539 0.00065
0.16471 0.00122
0.15186 0.00034
0.14553 0.00079
0.14517 0.00021
0.15548 0.00453
0.1503 9e-05
0.14508 0.00033
0.17116 0.00467
0.15048 0.00066
0.15066 0.0006
0.15135 0.00107
0.15057 0.00073
0.14486 0.0002
0.14524 0.00268
0.14628 0.00264
0.15126 0.00199
0.15342 0.00074
0.17196 0.00265
0.15301 0.00124
0.14516 0.0
0.43841 0.01227
0.15024 0.00016
0.14486 0.00044
0.15263 0.00136
0.17171 0.00036
0.15101 0.00035
0.14491 0.00044
0.14515 0.00023
0.15164 0.00205
0.15146 0.00173
0.15024 0.00475
0.15104 0.0057
0.15073 0.00017
0.14538 0.00055
0.15147 0.00071
0.66144 0.01341
0.15039 0.00037
0.14506 0.00023
0.14492 0.00046
0.14482 0.00028
0.15112 0.00228
0.1452 0.00049
0.49899 0.0224
0.14623 0.00256
0.15047 0.00029
0.17762 5e-05
0.14639 0.00066
0.1516 0.00058
0.14618 0.00098
0.17745 5e-05
0.14512 0.00021
0.14519 0.00031
0.15216 0.00062
0.15151 0.00201
0.15083 0.00225
0.15112 0.00228
0.17119 0.00026
0.16241 0.0048
0.17749 0.00013
0.62358 0.01635
0.16227 0.00471
0.14623 0.00069
0.14499 0.00025
0.14487 0.00028
0.14487 0.00016
0.1717 0.00059
0.15076 0.00035
0.14663 0.00134
0.14621 0.00052
0.15088 0.00032
0.17679 0.00024
0.18123 0.00762
0.15122 0.00047
0.14635 0.00247
0.14504 0.00044
0.1505 0.00017
0.52417 0.0024
0.14575 0.00062
0.1452 0.00022
0.15294 0.00144
0.15299 0.0012
0.75567 0.07357
0.14578 0.00124
0.15068 0.00039
0.14609 0.00266
0.15032 0.00028
0.14488 0.00028
0.17166 0.00022
0.15078 0.00212
0.15057 0.00027
0.14503 0.00048
0.15172 0.00065
0.15061 0.0056
0.14492 0.00033
0.14709 0.00127
0.14579 0.00096
0.15041 0.00023
0.14484 0.0006
0.14533 0.00038
0.14494 0.00039
0.14511 0.00271
0.14604 0.00276
0.15151 0.00068
0.15166 0.00054
0.15303 0.00145
0.17166 0.0002
0.14516 0.00056
0.15027 0.0002
0.15255 0.00131
0.14542 0.00068
0.15176 0.00047
0.14533 0.00068
0.15153 0.00052
0.14607 0.00266
0.14505 0.00283
0.14503 0.00052
0.14485 0.00044
0.14504 0.00042
0.14549 0.00032
0.17131 0.0001
0.14481 0.00015
0.52264 0.0054
0.14521 0.00267
0.15151 0.00185
0.14905 0.00279
0.15094 0.00212
0.15082 0.00228
0.14484 0.00025
0.14645 0.00132
0.14519 0.00055
0.14536 0.00054
0.15214 0.00114
0.15085 0.00069
0.15095 0.00212
0.15359 0.00076
0.14487 0.00039
0.14494 0.00049
0.14489 0.0005
0.14512 0.00021
0.67333 0.02438
0.15048 0.00039
0.14558 0.00053
0.14481 0.00039
0.14496 0.0005
0.1449 0.00041
0.14633 0.00253
0.14587 0.00126
0.15133 0.00039
0.15078 0.00055
0.15349 0.00093
0.17955 0.00118
0.1514 0.00082
0.14497 0.00046
0.19525 0.0131
0.15114 0.00223
0.17693 0.00028
0.15244 0.00116
0.14502 0.00054
0.65405 0.05584
0.15153 0.00056
0.16632 0.00625
0.14633 0.00249
0.53158 0.01544
0.14852 0.0
0.15445 0.00483
0.14544 0.00057
0.14488 0.00047
0.14506 0.00044
0.20715 0.02623
0.14548 0.00073
0.17141 0.00277
0.1454 0.00035
0.15148 0.00181
0.17094 0.00016
0.15443 0.00868
0.17272 0.00463
0.1505 0.00042
0.15065 0.00017
0.14587 0.00053
0.16179 0.005
0.15113 0.00228
0.15276 0.00522
0.17116 0.00468
0.24056 0.0
0.56442 0.01169
0.16446 0.01044
0.15134 0.0008
0.15028 0.00049
0.54991 0.03187
0.1452 0.00028
0.13936 0.00089
0.15319 0.00064
0.15077 0.00054
0.14501 0.0004
0.1507 0.00033
0.15045 0.00039
0.2006 0.02023
0.15063 0.00038
0.15124 0.00041
0.3375 0.04187
0.81511 0.01137
0.15039 0.00023
0.15491 0.00467
0.15131 0.00048
0.14553 0.00293
0.14603 0.00068
0.56666 0.00872
0.17666 0.00028
0.15091 0.00045
0.15106 0.00059
0.17126 0.00022
0.17675 0.00337
0.15101 0.00058
0.14734 0.0028
0.15029 0.00052
0.14511 0.00273
0.16236 0.00436
0.15088 0.00038
0.16219 0.00885
0.15131 0.0005
0.14782 0.0024
0.17102 0.00012
0.17109 0.00011
0.15248 0.00076
0.17915 0.003
0.15042 0.00052
0.52416 0.00374
0.15051 0.0004
0.61102 0.04254
0.48566 0.02456
0.17591 0.00877
0.17667 0.00011
0.17739 0.00048
0.17659 0.00268
0.16163 0.00506
0.53067 0.03223
0.1451 0.00014
0.1525 0.00103
0.17365 0.00104
0.17907 0.00256
0.1505 0.0003
0.14649 0.00109
0.15047 0.00037
0.15065 0.00046
0.15039 0.00023
0.71448 0.04355
0.14518 0.00271
0.17121 0.00019
0.17715 0.005
0.14611 0.00054
0.14899 0.00283
0.14523 0.00052
0.15161 0.00084
0.1448 0.00041
0.1461 0.0006
0.15255 0.00037
0.54946 0.02787
0.14493 0.00042
0.15334 0.00251
0.14526 0.00027
0.15091 0.00558
0.15113 0.00078
0.14489 0.00029
0.58451 0.01378
0.60646 0.02076
0.14633 0.00269
0.14491 0.00031
0.15196 0.00095
0.14545 0.00072
0.14493 0.00054
0.57367 0.05703
0.1686 0.00932
0.145 0.00039
0.15118 0.00066
0.17666 8e-05
0.17724 0.00048
0.61037 0.05684
0.15302 0.00154
0.15344 0.00128
0.17191 0.00049
0.14612 0.0005
0.1526 0.00072
0.1449 0.00035
0.15059 0.00024
0.16162 0.00521
0.14505 0.00037
0.1672 0.00586
0.15071 0.00229
0.1507 0.00047
0.14616 0.00066
0.14596 0.00069
0.15173 0.0008
0.15032 0.00245
0.15105 0.00063
0.15397 0.00225
0.14613 0.00069
0.15773 0.00312
0.73758 0.06994
0.16761 0.00947
0.15066 0.00057
0.14506 0.00036
0.15062 0.0002
0.15072 0.00076
0.14634 0.00249
0.17252 0.00067
0.15178 0.00115
0.1768 0.00264
0.52931 0.05458
0.17633 0.00374
0.15141 0.00095
0.44977 0.00385
0.16148 8e-05
0.15378 0.00303
0.14701 0.00162
0.1451 0.00057
0.13962 0.0012
0.14591 0.00124
0.15425 0.00281
0.14487 0.0003
0.14507 0.00047
0.14516 0.00031
0.15106 0.00031
0.17097 0.00915
0.15139 0.00056
0.15342 0.00168
0.14546 0.00085
0.14923 0.01537
0.1458 0.00125
0.15429 0.00319
0.15087 0.00053
0.14524 0.00038
0.17142 0.00272
0.15177 0.00114
0.14787 0.00249
0.14583 0.00076
0.15296 0.00083
0.15064 0.00034
0.1464 0.00255
0.14649 0.00069
0.14746 0.00126
0.5942 0.01256
0.14495 0.0005
0.64284 0.02908
0.17231 0.00464
0.1531 0.00144
0.14511 0.00284
0.17205 0.00467
0.14821 0.00287
0.15032 0.00025
0.6952 0.0321
0.15149 0.0006
0.16466 0.00841
0.5988 0.02008
0.15062 0.00016
0.15032 0.00012
0.14622 0.0026
0.14809 0.00249
0.14508 0.00277
0.43581 0.01021
0.14512 0.00269
0.14572 0.00111
0.14507 0.00053
0.42529 0.0141
0.14524 0.00047
0.55927 0.01599
0.15478 0.0004
0.17755 5e-05
0.15041 0.00252
0.15328 0.00186
0.61712 0.00899
0.17054 0.00787
0.15139 0.00095
0.15165 0.00054
0.14493 0.0006
0.15575 0.00719
0.15223 0.00126
0.16234 0.00876
0.15041 0.00033
0.17292 0.00454
0.15096 0.00077
0.1506 0.0056
0.15067 0.00033
0.15052 0.00044
0.16157 0.00477
0.14481 0.0
0.1451 0.00035
0.67158 0.01893
0.15068 0.00029
0.15124 0.00054
0.15144 0.00077
0.15128 0.00061
0.54028 0.0
0.14821 0.00232
0.24451 0.0158
0.15061 0.0007
0.15166 0.00114
0.17273 0.00272
0.14529 0.00043
0.15151 0.00087
0.1506 0.00042
0.16303 0.00486
0.57326 0.02684
0.15164 0.00064
0.14485 0.00029
0.14599 0.00288
0.16332 0.00483
0.14514 0.00052
0.14485 0.00027
0.17119 0.00013
0.14628 0.0011
0.56225 0.02595
0.17118 0.00021
0.15097 0.00075
0.58344 0.01112
0.14517 0.00051
0.36019 0.04515
0.44827 0.05206
0.19294 0.01927
0.15169 0.00188
0.17711 0.00026
0.17656 0.00029
0.16281 0.00058
0.1504 0.0002
0.1512 0.00061
0.15072 0.00031
0.15093 0.00055
0.15331 0.00096
0.15236 0.00079
0.14623 0.00075
0.15157 0.00532
0.17288 0.00465
0.15051 0.00032
0.14499 0.00286
0.65544 0.05683
0.15292 0.00143
0.15126 0.0034
0.17515 0.00203
0.17742 0.0023
0.15215 0.00166
0.17669 0.00844
0.16236 0.00481
0.15358 0.0016
0.17701 0.00017
0.14606 0.0026
0.15379 0.00213
0.1506 0.00053
0.14479 0.00013
0.1787 0.00088
0.17113 0.00017
0.14487 0.00025
0.14854 0.0
0.14512 0.00289
0.17862 0.00103
0.14628 0.0
0.15063 0.00035
0.17205 0.00458
0.15464 0.0053
0.15144 0.00053
0.14531 0.0005
0.1451 0.00028
0.14556 0.0006
0.14581 0.00074
0.15035 0.00052
0.14489 0.00021
0.14522 0.00015
0.15278 0.00081
0.14548 0.00074
0.15352 0.00087
0.14491 0.00038
0.14577 0.00058
0.14504 0.00052
0.15154 0.00103
0.14616 0.00115
0.16143 0.00476
0.1456 0.00078
0.14522 0.00018
0.15081 0.0002
0.14471 0.00076
0.14582 0.00097
0.14615 0.00049
0.15246 0.00056
0.15096 0.00059
0.14522 0.00033
0.17119 0.00011
0.15041 0.00025
0.14499 0.00028
0.1461 0.00271
0.1448 0.00019
0.14511 0.00023
0.17645 0.00011
0.15087 0.00064
0.14517 0.00037
0.14672 0.00107
0.49516 0.01404
0.39507 0.01093
0.1782 0.05
0.15117 0.0
0.14554 0.00036
0.15122 0.00037
0.15063 0.00024
0.14508 0.00016
0.14563 0.00038
0.17249 0.00079
0.14509 0.00048
0.14685 0.004
0.15095 0.00073
0.15095 0.00557
0.14513 0.00035
0.1521 0.00148
0.12 0.005
0.14558 0.0
0.1511 0.00042
0.14561 0.00061
0.14637 0.0
0.14534 0.0004
0.14499 0.00025
0.14618 0.0005
0.14612 0.00084
0.14626 0.00037
0.14624 0.00108
0.1485 0.00154
0.15312 0.00125
0.15108 0.0007
0.14484 0.00011
0.14554 0.00038
0.14515 0.0
0.14622 0.00051
0.14473 0.00046
0.14826 0.00287
0.15136 0.00047
0.14615 0.00098
0.14526 0.00081
0.14494 0.0004
0.14483 0.00015
0.17647 9e-05
0.14496 0.00056
0.14507 0.00032
0.17271 0.00462
0.15341 0.00119
0.17166 0.00051
0.14499 0.00043
0.1516 0.00052
0.16159 0.00441
0.14669 0.00102
0.15075 0.00066
0.14649 0.00122
0.15066 0.00071
0.14868 0.01435
0.14626 0.00063
0.15113 0.00068
0.15283 0.00108
0.14548 0.00064
0.14565 0.00089
0.52208 0.00101
0.14485 9e-05
0.14486 0.00016
0.14575 0.00067
0.14499 0.00044
0.14502 0.00037
0.14513 0.00023
0.14496 0.0004
0.15177 0.00087
0.14583 0.0
0.54451 0.03426
0.17145 0.00016
0.1547 0.00584
0.14481 0.00015
0.14528 0.00065
0.14547 0.00082
0.14675 0.00148
0.17101 0.0001
0.55706 0.04698
0.15007 0.0004
0.14607 0.00078
0.15183 0.00087
0.14632 0.0025
0.14601 0.00086
0.1445 0.00036
0.17846 0.00063
0.15123 0.00058
0.15149 0.00173
0.1462 0.00281
0.14567 0.00083
0.14508 0.00056
0.14509 0.00288
0.14515 0.0006
0.19566 0.01467
0.17099 0.00019
0.64414 0.03128
0.14485 0.0002
0.14501 0.00028
0.14487 0.0003
0.14578 0.0
0.19831 0.02204
0.1459 0.00113
0.1451 0.00043
0.17749 0.00011
0.14928 0.00292
0.14532 0.0
0.15165 0.0012
0.14512 0.0004
0.14485 0.00047
0.15297 0.00126
0.14476 0.00015
0.15115 0.00071
0.16316 0.00487
0.14451 0.00025
0.16413 0.00116
0.14482 0.00023
0.17181 0.00469
0.15114 0.00034
0.15097 0.00058
0.14513 0.00055
0.15137 0.00035
0.15248 0.00087
0.1544 0.00379
0.15253 0.00097
0.17923 0.00123
0.14489 0.00054
0.15118 0.00042
0.66757 0.08715
0.14491 0.00037
0.14533 0.00081
0.17653 0.0002
0.16879 0.0
0.15038 0.00047
0.14618 0.001
0.14489 0.0004
0.1517 0.0008
0.15047 0.00043
0.17167 0.00054
0.17168 0.00044
0.15074 0.00058
0.15145 0.00083
0.15181 0.00536
0.15277 0.00124
0.17133 0.00017
0.15074 0.00036
0.15128 0.00045
0.15114 0.00052
0.1724 0.00467
0.1539 0.00147
0.1533 0.00182
0.14504 0.00283
0.17397 0.0016
0.14656 0.00075
0.15321 0.00094
0.44879 0.01396
0.14534 0.00067
0.17737 0.00042
0.15278 0.00104
0.14864 0.01538
0.14507 0.00064
0.14588 0.00091
0.1526 0.00052
0.17097 6e-05
0.15139 0.00077
0.14483 0.0005
0.14571 0.00067
0.14618 0.00025
0.14489 0.0003
0.1806 0.01325
0.41989 0.0874
0.14486 0.00023
0.15314 0.00166
0.15174 0.00092
0.16408 0.00708
0.14661 0.00098
0.14892 0.00204
0.14591 0.00067
0.15292 0.00182
0.42548 0.07533
0.16468 0.00661
0.16143 0.00013
0.3146 0.03967
0.17665 0.00263
0.17115 0.00016
0.14651 0.00081
0.14515 0.00014
0.14516 0.00032
0.14633 0.00043
0.14552 0.00047
0.17134 0.00034
0.14651 0.0017
0.16235 0.00479
0.15048 0.00023
0.49739 0.01338
0.14565 0.00027
0.45237 0.07375
0.15061 0.00021
0.145 0.00026
0.14525 0.00071
0.15964 0.0023
0.15122 0.0007
0.1507 0.00031
0.15305 0.00121
0.15105 0.00052
0.14509 0.00044
0.15357 0.00141
0.14502 0.00068
0.54071 0.0192
0.15161 0.00538
0.15235 0.00103
0.14491 0.00029
0.15183 0.00124
0.76007 0.07562
0.15609 0.00485
0.15386 0.00227
0.1511 0.00042
0.1638 0.00092
0.15122 0.0003
0.17736 0.00241
0.15046 0.00012
0.66588 0.06652
0.15149 0.00064
0.15119 0.00054
0.14498 0.0003
0.15079 0.00013
0.15221 0.00538
0.14639 0.00071
0.15679 0.00267
0.15141 0.00045
0.15087 0.00036
0.24592 0.0199
0.16359 0.00524
0.15139 0.00041
0.15157 0.00095
0.15081 0.00061
0.14641 0.00271
0.14719 0.00265
0.15097 0.00234
0.15034 0.00053
0.17838 0.00216
0.15211 0.00073
0.14622 0.00047
0.15732 0.00441
0.44943 0.00527
0.61863 0.01633
0.15088 0.00055
0.15061 0.00014
0.15171 0.00094
0.15054 0.00048
0.15223 0.00081
0.14512 0.00043
0.48442 0.0148
0.67135 0.03089
0.17209 0.00465
0.2973 0.03331
0.15038 0.00035
0.77273 0.05399
0.15177 0.00099
0.1564 0.00632
0.18067 0.01695
0.15472 0.00249
0.1505 0.00021
0.14483 0.00031
0.17856 0.005
0.15269 0.00074
0.35176 0.00985
0.66789 0.02733
0.52878 0.01089
0.17927 0.00115
0.15147 0.00058
0.14511 0.00277
0.14734 0.00272
0.14661 0.00121
0.64149 0.0245
0.15027 0.00259
0.14653 0.00142
0.15067 0.00044
0.15176 0.00067
0.16989 0.00821
0.14554 0.00086
0.14507 0.00061
0.17755 0.00054
0.1538 0.001
0.59905 0.05018
0.1522 0.00098
0.14521 0.00264
0.1505 0.00049
0.15153 0.00102
0.1532 0.00934
0.15719 0.00499
0.16255 0.00388
0.14768 0.00166
0.172 0.00056
0.15126 0.0006
0.14495 0.00053
0.16435 0.00818
0.1745 0.00263
0.17099 0.00027
0.14543 0.00042
0.15172 0.00081
0.16367 0.00505
0.145 0.00047
0.14668 0.00092
0.15083 0.00561
0.15144 0.00062
0.17694 0.00023
0.15176 0.00098
0.14531 0.00046
0.15211 0.00132
0.17219 0.00468
0.18377 0.01847
0.15042 0.00023
0.17799 0.00068
0.17119 0.00013
0.14504 0.00037
0.14486 0.00015
0.15243 0.00129
0.15628 0.01065
0.17728 4e-05
0.15203 0.00069
0.14681 0.0011
0.16422 0.00739
0.14575 0.00045
0.14649 0.00158
0.14484 0.00029
0.14543 0.00083
0.15255 0.0014
0.15511 0.0
0.14494 0.00067
0.15219 0.00144
0.59985 0.00752
0.17668 0.00257
0.17274 0.00084
0.17696 0.00031
0.15059 0.00043
0.15326 0.0
0.14505 0.00279
0.15433 0.00343
0.15029 0.0005
0.17183 0.00467
0.15063 0.00237
0.15062 0.00052
0.15059 0.00039
0.14517 0.00042
0.15318 0.00118
0.14488 0.0004
0.15099 0.00018
0.16156 0.00971
0.17379 0.00148
0.15453 0.00109
0.1449 0.0003
0.15039 0.00033
0.15371 0.00316
0.1451 0.00049
0.15386 0.00129
0.15115 0.00049
0.15053 0.00055
0.73596 0.03685
0.16378 0.00122
0.16971 0.00891
0.15187 0.00081
0.15054 0.00033
0.14507 0.00033
0.15454 0.00094
0.17752 7e-05
0.15117 0.00561
0.15268 0.00108
0.15264 0.00133
0.16058 0.00728
0.15032 0.00022
0.1505 0.00036
0.1505 0.00054
0.15341 0.00109
0.14516 0.00015
0.15144 0.00072
0.15083 0.00028
0.66437 0.03631
0.1566 0.01376
0.15119 0.00046
0.14487 0.00042
0.15223 0.0012
0.15726 0.01161
0.15401 0.00889
0.17102 8e-05
0.55958 0.03286
0.16169 0.00945
0.59423 0.01437
0.15139 0.00052
0.14604 0.00084
0.14511 0.00277
0.15194 0.00099
0.66481 0.02771
0.15203 0.00174
0.14511 0.00053
0.15218 0.0011
0.15214 0.00086
0.52395 0.0
0.15033 0.00021
0.15124 0.00048
0.14537 0.00027
0.95178 0.0
0.14612 0.00104
0.57036 0.01441
0.16214 0.00443
0.38881 0.0056
0.17745 0.00012
0.15342 0.00108
0.14607 0.00097
0.14628 0.0015
0.16342 0.00512
0.15039 0.00028
0.17145 0.00039
0.55595 0.01137
0.15257 0.00077
0.15097 0.00063
0.55916 0.01216
0.17669 0.01273
0.15034 0.0006
0.15073 0.00051
0.16445 0.00301
0.17742 0.00011
0.61291 0.01287
0.64878 0.05828
0.49379 0.00819
0.70791 0.02933
0.14513 0.0002
0.16806 0.00952
0.14494 0.00037
0.14519 0.00042
0.16417 0.00128
0.14525 0.00031
0.17213 0.00061
0.14585 0.00079
0.15327 0.00165
0.15163 0.00112
0.14489 0.00014
0.1672 0.00688
0.26984 0.04104
0.45829 0.01089
0.59614 0.03435
0.1514 0.00082
0.15335 0.00573
0.15192 0.00116
0.16463 0.0054
0.14493 0.00032
0.14736 0.01525
0.14895 0.0019
0.45792 0.00801
0.16348 0.00069
0.14512 0.00022
0.14578 0.00054
0.14598 0.00105
0.14528 0.00041
0.66896 0.03145
0.15063 0.00208
0.15044 0.00028
0.14471 0.00036
0.14483 0.00022
0.15416 0.00236
0.14492 0.00037
0.4599 0.0073
0.1529 0.00102
0.15295 0.0016
0.14669 0.00107
0.15475 0.0035
0.53761 0.01628
0.15108 0.0005
0.66373 0.0635
0.15053 0.00031
0.15055 0.00054
0.15105 0.00209
0.61611 0.02552
0.15127 0.00048
0.15082 0.00028
0.1596 0.0
0.15482 0.00407
0.14514 0.00275
0.62567 0.03171
0.14657 0.00108
0.14684 0.00071
0.1623 0.004
0.16239 0.00497
0.15223 0.00145
0.15077 0.00083
0.15265 0.00111
0.17163 0.00017
0.4504 0.01256
0.17092 0.00942
0.15095 0.00064
0.53064 0.01476
0.15053 0.0005
0.1505 0.0
0.14504 0.00029
0.17935 0.01215
0.52447 0.00214
0.14486 0.00029
0.52256 0.00998
0.5437 0.01469
0.1513 0.00053
0.14499 0.00058
0.0 0.18454
0.45571 0.00528
0.66163 0.02413
0.14607 0.00253
0.17028 0.0116
0.25158 0.02632
0.14457 0.00042
0.14637 0.0
0.15289 0.00103
0.15166 0.00085
0.14554 0.00025
0.14515 0.00053
0.36733 0.05753
0.15158 0.00049
0.42771 0.02937
0.14487 0.00079
0.1453 0.00019
0.15123 0.0009
0.14481 0.00031
0.14581 0.00053
0.15081 0.00055
0.15025 0.00045
0.46258 0.0
0.14571 0.00066
0.56721 0.00462
0.60654 0.01442
0.45816 0.00835
0.15441 0.01435
0.14504 0.00088
0.15075 0.00047
0.14507 0.00062
0.15043 0.00023
0.17765 0.0002
0.15274 0.00626
0.15118 0.00078
0.15192 0.00092
0.1452 0.00271
0.14651 0.00111
0.15233 0.00098
0.15044 0.00063
0.1507 0.00028
0.17358 0.00266
0.59339 0.00867
0.15141 0.00069
0.16343 0.00174
0.15915 0.00724
0.14506 0.00074
0.1619 0.00017
0.15259 0.00094
0.15375 0.00099
0.17833 0.01828
0.15052 0.00028
0.15032 0.00015
0.17109 0.00901
0.18035 0.00319
0.16479 0.00559
0.15243 0.0012
0.15426 0.00423
0.14509 0.00031
0.57752 0.0166
0.13949 0.00084
0.15035 0.00039
0.14497 0.00283
0.14793 0.00276
0.15063 0.0004
0.15134 0.00068
0.1618 0.00477
0.15072 0.00026
0.15104 0.00231
0.17671 0.00014
0.15079 0.00038
0.15301 0.00152
0.1451 0.0002
0.15038 0.0003
0.15031 0.00022
0.15083 0.00052
0.17243 0.00464
0.15184 0.00088
0.17651 5e-05
0.15265 0.00079
0.15071 0.00059
0.1521 0.00132
0.14631 0.00141
0.17667 0.0002
0.15578 0.00552
0.15226 0.00029
0.15191 0.00089
0.14526 0.00039
0.15055 0.00047
0.14678 0.00082
0.15079 0.00075
0.14815 0.00103
0.14504 0.00023
0.17109 0.00024
0.17241 0.00276
0.15214 0.00544
0.18 0.005
0.14611 0.00044
0.14512 0.00037
0.14511 0.00037
0.15039 0.00039
0.15109 0.00046
0.14506 0.00049
0.15341 0.00169
0.16398 0.00172
0.17147 0.00047
0.15077 0.00549
0.171 0.00013
0.15256 0.00529
0.15165 0.00037
0.17173 0.00029
0.16239 0.00491
0.15198 0.0011
0.14524 0.00044
0.15174 0.00053
0.145 0.00029
0.1511 0.00061
0.15105 0.00063
0.15031 0.00049
0.63515 0.03772
0.60757 0.04663
0.14741 0.00141
0.66167 0.01947
0.1599 0.00847
0.57365 0.01961
0.17268 0.00082
0.15156 0.00061
0.17258 0.0005
0.17683 0.00025
0.14513 0.00049
0.15579 0.01203
0.15111 0.00045
0.48981 0.03203
0.87034 0.08613
0.15197 0.00063
0.53268 0.04246
0.15138 0.00106
0.14543 0.00061
0.53368 0.02067
0.17678 0.00025
0.31763 0.03931
0.55755 0.01608
0.15051 0.00054
0.15088 0.00203
0.16719 0.00375
0.17111 0.00011
0.14551 0.0004
0.48077 0.01469
0.15091 0.00027
0.15104 0.00039
0.17377 0.0156
0.17163 0.00041
0.17748 0.0
0.15218 0.00039
0.15094 0.00073
0.52332 0.00443
0.15058 0.00026
0.14664 0.00149
0.15154 0.00086
0.15088 0.00036
0.17108 0.00012
0.15115 0.00064
0.14523 0.00045
0.14476 0.00036
0.14495 0.00038
0.15049 0.00376
0.1737 0.00172
0.15378 0.00319
0.15236 0.00085
0.16109 0.00499
0.14521 0.00271
0.14658 0.00064
0.14562 0.00031
0.15186 0.00071
0.15208 0.0007
0.15305 0.00153
0.14505 0.00032
0.17723 0.06199
0.14845 0.00288
0.48336 0.01122
0.1506 0.00034
0.17662 9e-05
0.38795 0.00917
0.16206 0.00477
0.14935 0.01417
0.14662 0.00143
0.15147 0.00066
0.15111 0.00048
0.15098 0.00062
0.15088 0.00056
0.17449 0.00114
0.1664 0.00731
0.15041 0.00251
0.15031 0.00039
0.14486 0.00011
0.15278 0.00107
0.17148 0.00049
0.15088 0.002
0.17321 0.00841
0.17116 0.00037
0.14532 0.0
0.15129 0.00087
0.17938 0.00143
0.17896 0.0019
0.14492 0.00035
0.17751 0.00012
0.16354 0.00112
0.17705 0.00242
0.15396 0.00251
0.16233 0.00486
0.17742 0.00015
0.17292 0.00091
0.15215 0.00085
0.14657 0.00088
0.14545 0.00028
0.15067 0.00068
0.17096 0.00016
0.14498 0.0002
0.15064 0.00021
0.16994 0.00636
0.15078 0.0004
0.1711 9e-05
0.14507 0.00038
0.17101 6e-05
0.1473 0.00059
0.16189 0.00478
0.14494 0.00047
0.15095 0.00029
0.15053 0.00023
0.15034 0.00022
0.15342 0.00057
0.15061 0.00017
0.15066 0.00038
0.15077 0.00546
0.17096 6e-05
0.17664 9e-05
0.1714 0.00011
0.14519 0.00061
0.15086 0.00019
0.15051 6e-05
0.15255 0.00058
0.15442 0.00175
0.17121 0.0001
0.15045 8e-05
0.17099 0.00015
0.1711 0.00012
0.15051 0.00028
0.1469 0.00059
0.18067 0.03601
0.14795 0.00271
0.17698 0.0
0.15172 0.0008
0.17727 0.0
0.15196 0.00062
0.56156 0.01307
0.14478 0.00034
0.14615 0.00259
0.15235 0.00042
0.17643 0.00012
0.15247 0.00101
0.15107 0.00205
0.17217 0.00051
0.17715 0.005
0.15153 0.00065
0.14618 0.00077
0.14482 0.00027
0.1449 0.00026
0.1461 0.00086
0.16189 0.00482
0.14536 0.00081
0.52511 0.0
0.15083 0.00036
0.15082 0.00044
0.15432 0.00501
0.17691 0.0
0.17675 9e-05
0.14609 0.00258
0.17777 0.00228
0.17195 0.00472
0.15045 0.00037
0.15079 0.00014
0.17129 7e-05
0.15091 0.00011
0.15034 0.00012
0.17202 0.00029
0.15139 0.00072
0.14491 0.00067
0.15066 0.00024
0.17164 0.00465
0.14491 0.00066
0.17159 0.00471
0.15067 0.00018
0.17321 0.00413
0.59732 0.0
0.14489 0.00021
0.15127 0.00054
0.15315 0.00114
0.15375 0.00071
0.17725 0.0
0.15158 0.0005
0.14529 0.00042
0.14482 0.00027
0.15057 0.00013
0.15101 0.00045
0.14521 0.00266
0.15104 0.00028
0.17654 9e-05
0.1712 0.00014
0.62958 0.0
0.15039 8e-05
0.17672 0.00013
0.15044 0.0001
0.17096 9e-05
0.1504 0.00014
0.15083 0.00029
0.15048 0.00025
0.15372 0.0018
0.14651 0.00171
0.17783 0.00018

